#Formatting
#Lvl  [for ease of reading] MAP #
#TimeOffet mobType numMob SpawnInterval 
#Empty Line
#Place levels in order please.
#All Lines starting with '#' are ignored.
#

1
map 5
10 0 18 100

2
map 5
0 0 36 60

3
map 5
0 1 25 100
500 2 3 200

4
map 4
0 1 12 50
0 2 15 100

5
map 2
250 2 25 66
125 1 5 50
0 0 33 33

6
map 3
500 3 30 66
0 1 50 50
125 0 50 33

7
map 3
0 2 50 20

8
map 3
100 3 30 100
0 2 40 100

9
map 3
0 3 100 50
0 2 100 50
500 4 10 70

10
map 1
250 4 50 40
0 3 50 40
500 5 30 30

11
map 2
250 4 100 20
0 3 100 30
500 5 50 40

12
map 3
500 6 100 30
0 5 100 10
1000 7 50 30

13
map 2
500 7 100 10
0 6 100 10
1000 8 50 20

14
map 4
250 8 100 10
0 7 100 10
500 9 50 10

15
map 1
250 9 100 10
0 8 100 10
500 10 50 10

16
map 3
500 10 100 10
0 9 100 10
1000 11 50 10

17
map 2
250 10 100 5
0 9 100 5
500 11 50 5

18
map 3
250 10 150 2
0 9 200 2
250 11 100 2
250 3 100 0
500 3 100 0
125 1 100 0
0 12 25 100

19
map 1
0 12 75 10
250 10 150 1

20
map 4
0 13 1 0

21
map 3
0 13 10 10

22
map 2
0 12 100 1
0 12 100 1
0 12 100 1
0 12 100 1
0 13 50 2